1.299 1.57335 1.01441e+08
0.991126 1.49302 1.51635e+08
1.13646 1.90303 1.47847e+08
1.09867 4.27955 1.6208e+08
0.936684 1.94957 1.28548e+08
0.959218 1.93086 1.08424e+08
0.947472 1.9677 1.08184e+08
1.01364 1.94788 1.08318e+08
1.00942 1.95669 1.08285e+08
0.997305 1.96633 1.07841e+08
1.00264 1.96518 1.06397e+08
0.982093 1.97165 1.06736e+08
0.992314 1.96774 1.07495e+08
1.00102 1.95181 1.08088e+08
0.981703 1.96249 1.0655e+08
0.979416 1.95617 1.08623e+08
0.989131 1.95297 1.08591e+08
0.999031 1.95843 1.07818e+08
0.989525 1.96222 1.07847e+08
0.992624 1.95581 1.0865e+08
0.990606 1.95937 1.08119e+08
0.994405 1.9565 1.07793e+08
0.994919 1.95523 1.08151e+08
0.989095 1.94946 1.09284e+08
0.99451 1.95145 1.08231e+08
0.984871 1.96708 1.0682e+08
0.982057 1.95569 1.08635e+08
0.986105 1.9541 1.08089e+08
0.992126 1.95785 1.07742e+08
0.982619 1.96164 1.07772e+08
0.985718 1.95523 1.08574e+08
0.9837 1.95878 1.08044e+08
0.987499 1.95592 1.07717e+08
0.988014 1.95465 1.08075e+08
0.989861 1.95922 1.0839e+08
0.991801 1.95325 1.09578e+08
0.997215 1.95524 1.08525e+08
0.992483 1.95216 1.08558e+08
0.993896 1.95706 1.07734e+08
0.986765 1.96014 1.06684e+08
0.97924 1.96191 1.08484e+08
0.991925 1.94046 1.10286e+08
0.978664 1.94497 1.10271e+08
0.988555 1.95451 1.06503e+08
0.978318 1.94468 1.08819e+08
1.00915 1.95911 1.07023e+08
0.977775 1.9642 1.07916e+08
0.981823 1.96262 1.07371e+08
0.986799 1.95328 1.08249e+08
0.992819 1.95703 1.07902e+08
0.983313 1.96082 1.07931e+08
0.986412 1.95441 1.08734e+08
0.984394 1.95796 1.08203e+08
0.988193 1.9551 1.07876e+08
0.988707 1.95383 1.08235e+08
0.982883 1.94805 1.09367e+08
0.984823 1.94209 1.10555e+08
1.00832 1.94967 1.09542e+08
0.988322 1.96674 1.06935e+08
0.98359 1.96366 1.06968e+08
0.984732 1.95944 1.0742e+08
0.990753 1.96318 1.07073e+08
1.00221 1.9557 1.07876e+08
0.997986 1.9645 1.07843e+08
0.980762 1.95868 1.0785e+08
0.990983 1.95476 1.08608e+08
1.00088 1.96022 1.07835e+08
0.991376 1.96401 1.07864e+08
0.994475 1.9576 1.08667e+08
0.992937 1.95015 1.08383e+08
0.990919 1.9537 1.07852e+08
0.986408 1.9606 1.07307e+08
0.986922 1.95933 1.07665e+08
0.990858 1.95352 1.08418e+08
0.985034 1.94774 1.09551e+08
0.98465 1.95573 1.09534e+08
1.00071 1.94927 1.09911e+08
0.980714 1.96634 1.07304e+08
0.999076 1.96651 1.07389e+08
0.979653 1.95673 1.06994e+08
0.98078 1.94892 1.09813e+08
0.986195 1.95091 1.0876e+08
0.987607 1.95581 1.07936e+08
0.980476 1.95889 1.06886e+08
0.975301 1.96484 1.07036e+08
0.987986 1.94338 1.08837e+08
0.99718 1.97393 1.0662e+08
1.0036 1.96144 1.07369e+08
0.977524 1.96172 1.07381e+08
0.982499 1.95238 1.08259e+08
0.98852 1.95613 1.07912e+08
0.99842 1.96158 1.07138e+08
0.988913 1.96538 1.07168e+08
0.992013 1.95897 1.0797e+08
0.989994 1.96252 1.07439e+08
0.990509 1.96125 1.07798e+08
0.994445 1.95544 1.0855e+08
0.988621 1.94966 1.09683e+08
1.00621 1.9648 1.07274e+08
0.986789 1.95502 1.06879e+08
0.987916 1.94721 1.09698e+08
0.993331 1.9492 1.08645e+08
0.994744 1.9541 1.07821e+08
0.991325 1.95504 1.09285e+08
0.984194 1.95813 1.08234e+08
0.988243 1.95654 1.07689e+08
0.994263 1.96029 1.07342e+08
0.985784 1.96007 1.07352e+08
0.988883 1.95366 1.08155e+08
0.986865 1.95722 1.07624e+08
0.982354 1.96411 1.07078e+08
0.982869 1.96284 1.07437e+08
0.986805 1.95703 1.08189e+08
0.980981 1.95125 1.09322e+08
0.997043 1.94479 1.09698e+08
0.977045 1.96186 1.07092e+08
0.986972 1.96773 1.06896e+08
0.99993 1.96177 1.0689e+08
0.995197 1.95869 1.06923e+08
0.987006 1.95306 1.0764e+08
0.995121 1.96573 1.07521e+08
0.98799 1.96882 1.06471e+08
0.999301 1.94626 1.09739e+08
0.989221 1.95948 1.08486e+08
0.99327 1.9579 1.0794e+08
0.99929 1.96164 1.07593e+08
0.990811 1.96143 1.07603e+08
0.99391 1.95502 1.08406e+08
0.991892 1.95857 1.07875e+08
0.987381 1.96546 1.0733e+08
0.99118 1.9626 1.07003e+08
0.991695 1.96133 1.07361e+08
0.995631 1.95552 1.08114e+08
0.989807 1.94974 1.09247e+08
0.995222 1.95173 1.08194e+08
0.985583 1.96737 1.06783e+08
0.982768 1.95597 1.08598e+08
0.986817 1.95439 1.08052e+08
0.992837 1.95813 1.07705e+08
0.983331 1.96193 1.07735e+08
0.98643 1.95552 1.08537e+08
0.984412 1.95907 1.08006e+08
0.988211 1.95621 1.0768e+08
0.988725 1.95494 1.08038e+08
0.990573 1.9595 1.08353e+08
0.984749 1.95373 1.09486e+08
1.00081 1.94727 1.09862e+08
0.980813 1.96434 1.07255e+08
0.999175 1.96451 1.0734e+08
0.994443 1.96143 1.07373e+08
0.986251 1.95579 1.0809e+08
0.97912 1.95887 1.0704e+08
0.991374 1.96959 1.06717e+08
1.00406 1.94814 1.08518e+08
0.990797 1.95265 1.08503e+08
0.996818 1.95639 1.08156e+08
